           46
    13.49930676813620       32.60000000000000       24.48032626587463    
    13.49791945488223       32.60000000000000       24.52527931470837    
    13.49653100970492       32.60000000000000       24.57022210541312    
    13.49514143353849       32.60000000000000       24.61515464357069    
    13.49375072731712       32.60000000000000       24.66007693475894    
    13.49235889197503       32.60000000000000       24.70498898455176    
    13.49096592844640       32.60000000000000       24.74989079851907    
    13.48957183766545       32.60000000000000       24.79478238222682    
    13.48817662056637       32.60000000000000       24.83966374123700    
    13.48678027808336       32.60000000000000       24.88453488110764    
    13.48538281115061       32.60000000000000       24.92939580739282    
    13.48398422070234       32.60000000000000       24.97424652564265    
    13.48258450767275       32.60000000000000       25.01908704140330    
    13.48118367299601       32.60000000000000       25.06391736021700    
    13.47978171760635       32.60000000000000       25.10873748762200    
    13.47829947565879       32.60000000000000       25.15607440652585    
    13.47650295032894       32.60000000000000       25.21337970960358    
    13.47409334178332       32.60000000000000       25.29012355611054    
    13.47080055871794       32.60000000000000       25.39477924928243    
    13.46639576624957       32.60000000000000       25.53439038537442    
    8.470373143411233       35.15000000000000       28.61299034751618    
    8.464976918734063       35.15000000000000       28.84007314795389    
    8.458455410425548       35.15000000000000       29.11229095118338    
    8.450812131993434       35.15000000000000       29.42832230985883    
    5.952325713369532       34.90000000000000       29.97502770474071    
    5.944263932541941       34.90000000000000       30.37078826694585    
    5.935500326700319       34.90000000000000       30.79419121962889    
    4.435466856044401       34.90000000000000       31.44480601339967    
    4.426901877974140       34.90000000000000       31.89958895349359    
    3.921841010147871       34.75000000000000       32.30420613770605    
    3.913279253364752       34.75000000000000       32.76075251982321    
    3.904566775393112       34.75000000000000       33.21624240669843    
    2.905488064290921       34.75000000000000       33.82782216772898    
    2.894891846218234       34.75000000000000       34.40950788851917    
    1.893268303121032       34.80000000000000       35.34015913356509    
    1.382953017176796       34.75000000000000       36.36873052769613    
    1.360252384226358       34.80000000000000       37.67081685344525    
    1.331837759659307       34.80000000000000       39.16341353105280    
   0.8091810949358791       34.80000000000000       40.89702354524929    
   0.7724605628952886       34.80000000000000       42.64676249859943    
   0.7331549271003063       34.75000000000000       44.36755097377189    
   0.2069180961237120       34.75000000000000       46.19514529360257    
   0.1641387548464044       34.75000000000000       47.92905260976168    
   0.6002618970235984       34.75000000000000       49.55576440335792    
   0.5518207966337666       34.75000000000000       51.25596280233738    
   0.5013226047226113       34.75000000000000       52.94206921030263    
  -0.2014301257328140      0.7709271438723379     -4.9244978434441035E-03
  -2.0100265210625588E-03  4.6092931744503619E-04  3.6580068158488794E-05
   3.7725811148524809E-05  4.7353164100560213E-06  6.5477690143277355E-06
  -0.2016172461533930      0.7708602902977053     -4.9213858083391529E-03
  -2.0090754692304474E-03  4.6096373970825797E-04  3.6545987614450937E-05
   3.7708477962773654E-05  4.7318039858450980E-06  6.5473943237129273E-06
  -0.2018043015094763      0.7707934479499944     -4.9182747043837911E-03
  -2.0081240743136356E-03  4.6099783885371370E-04  3.6511858718146202E-05
   3.7691149620942916E-05  4.7282954996345640E-06  6.5470196077177993E-06
  -0.2019912918158846      0.7707266168512026     -4.9151645344737817E-03
  -2.0071723369048710E-03  4.6103161559570054E-04  3.6477681475091306E-05
   3.7673826144936895E-05  4.7247909559472992E-06  6.5466448668639694E-06
  -0.2021782170875107      0.7706597970233192     -4.9120553015050807E-03
  -2.0062202575971246E-03  4.6106507064782752E-04  3.6443455890845673E-05
   3.7656507556675474E-05  4.7212903593446588E-06  6.5462701014581120E-06
  -0.2023650773393184      0.7705929884883213     -4.9089470083738384E-03
  -2.0052678369838349E-03  4.6109820472373255E-04  3.6409181971008388E-05
   3.7639193878088697E-05  4.7177937143560527E-06  6.5458953118850706E-06
  -0.2025518725863432      0.7705261912681740     -4.9058396579763682E-03
  -2.0043150756587883E-03  4.6113101853624951E-04  3.6374859721219279E-05
   3.7621885131114248E-05  4.7143010255330604E-06  6.5455204986044019E-06
  -0.2027386028436917      0.7704594053848333     -4.9027332532091327E-03
  -2.0033619742160784E-03  4.6116351279879860E-04  3.6340489147158224E-05
   3.7604581337702031E-05  4.7108122974082528E-06  6.5451456619700930E-06
  -0.2029252681265424      0.7703926308602432     -4.8996277969687620E-03
  -2.0024085332502402E-03  4.6119568822422497E-04  3.6306070254547427E-05
   3.7587282519820409E-05  4.7073275345625069E-06  6.5447708023669501E-06
  -0.2031118684501447      0.7703258677163382     -4.8965232921520862E-03
  -2.0014547533560921E-03  4.6122754552479329E-04  3.6271603049149258E-05
   3.7569988699438420E-05  4.7038467414997789E-06  6.5443959201465003E-06
  -0.2032984038298197      0.7702591159750382     -4.8934197416560920E-03
  -2.0005006351288017E-03  4.6125908541296527E-04  3.6237087536765060E-05
   3.7552699898544674E-05  4.7003699228026779E-06  6.5440210157819385E-06
  -0.2034848742809599      0.7701923756582570     -4.8903171483778395E-03
  -1.9995461791640118E-03  4.6129030860125468E-04  3.6202523723239096E-05
   3.7535416139132978E-05  4.6968970830003316E-06  6.5436460895751169E-06
  -0.2036712798190293      0.7701256467878924     -4.8872155152146690E-03
  -1.9985913860575619E-03  4.6132121580120958E-04  3.6167911614456531E-05
   3.7518137443217840E-05  4.6934282266518532E-06  6.5432711420216402E-06
  -0.2038576204595627      0.7700589293858364     -4.8841148450639938E-03
  -1.9976362564058077E-03  4.6135180772469928E-04  3.6133251216340280E-05
   3.7500863832810049E-05  4.6899633583192182E-06  6.5428961734083792E-06
  -0.2040438962181669      0.7699922234739657     -4.8810151408234161E-03
  -1.9966807908053529E-03  4.6138208508317535E-04  3.6098542534856178E-05
   3.7483595329951203E-05  4.6865024825450397E-06  6.5425211841490289E-06
  -0.2042406074727732      0.7699217678533952     -4.8777416656326927E-03
  -1.9956710727013858E-03  4.6141372919413133E-04  3.6061823845450077E-05
   3.7465358455678444E-05  4.6828507551098990E-06  6.5421250235486125E-06
  -0.2044787092328899      0.7698364700271624     -4.8737792504350416E-03
  -1.9944479000848212E-03  4.6145157955575770E-04  3.6017288893410317E-05
   3.7443283034242663E-05  4.6784348390298306E-06  6.5416452811393119E-06
  -0.2047975196795957      0.7697222291405570     -4.8684734427406045E-03
  -1.9928084018361299E-03  4.6150148603063784E-04  3.5957503191361118E-05
   3.7413722650582904E-05  4.6725292684433756E-06  6.5410025373617795E-06
  -0.2052321749792912      0.7695664219947983     -4.8612392246100171E-03
  -1.9905700110433226E-03  4.6156810259592853E-04  3.5875707298375682E-05
   3.7373417314241441E-05  4.6644911539992782E-06  6.5401255356394686E-06
  -0.2058118143923443      0.7693585451950379     -4.8515911878495742E-03
  -1.9875793163959773E-03  4.6165439110021074E-04  3.5766112763779389E-05
   3.7319661476437894E-05  4.6537959426118010E-06  6.5389547368463838E-06
  -0.1627289678925448      0.7811653519284411     -5.2853987274750006E-03
  -2.3253600824885592E-03  7.1880892562093280E-04  4.9489170787053472E-05
   3.8628293360440978E-05  5.1544445041713580E-06  6.6133344698331859E-06
  -0.1638291944100305      0.7808048009285808     -5.2674917299959743E-03
  -2.3196288000557285E-03  7.1241265828283389E-04  4.9358772089914698E-05
   3.8555974550747460E-05  5.1408099658481210E-06  6.6115841482644302E-06
  -0.1651471383064039      0.7803724188275865     -5.2460134699080577E-03
  -2.3127417668921775E-03  7.0460238941021233E-04  4.9200386245151947E-05
   3.8469303595293735E-05  5.1245668635802445E-06  6.6094813259526079E-06
  -0.1666758733410313      0.7798702231032000     -5.2210626442974238E-03
  -2.3047237114000138E-03  6.9534031799060045E-04  4.9013668280058664E-05
   3.8368718905632930E-05  5.1058501417249983E-06  6.6070338478027789E-06
  -0.1414272110338888      0.7850913354899428     -5.5609289474619602E-03
  -2.4873584763727215E-03  6.2020172262659042E-04  5.8170325317998296E-05
   3.9394222694851589E-05  6.1784128663090009E-06  6.6422928752088533E-06
  -0.1434965284139962      0.7844390238789691     -5.5279970620566391E-03
  -2.4765962538047426E-03  5.9719585123485064E-04  5.7986479375086451E-05
   3.9288213169381724E-05  6.1595015766162494E-06  6.6392656323435989E-06
  -0.1457078404027517      0.7837407469892043     -5.4927105672756627E-03
  -2.4650444359771979E-03  5.7180314650311581E-04  5.7784192733331764E-05
   3.9174861015175222E-05  6.1395270181540751E-06  6.6360157812774863E-06
  -0.1315492905207408      0.7867449948323570     -5.7056710658513216E-03
  -2.5681106300683388E-03  3.7491703855343090E-04  6.4154139610856875E-05
   3.9715369354515169E-05  7.0195130585841986E-06  6.6582901834774487E-06
  -0.1340292655839808      0.7859780657990753     -5.6667131399989251E-03
  -2.5552445753046433E-03  3.4913200744265082E-04  6.3969492177171628E-05
   3.9608814984445894E-05  7.0018264624580315E-06  6.6548557293365739E-06
  -0.1305401508033212      0.7863956769950289     -5.7104824278798334E-03
  -2.5818859853243203E-03  1.8095127251789719E-04  6.5941131701257902E-05
   3.9850779752866340E-05  7.2486010323033419E-06  6.6591697970727950E-06
  -0.1330620514577291      0.7856194189234887     -5.6708514642484810E-03
  -2.5687511841503870E-03  1.4501006093440351E-04  6.5756877282204061E-05
   3.9749330103525374E-05  7.2324910213241088E-06  6.6557055986516308E-06
  -0.1355749084742308      0.7848445945825807     -5.6312305640960122E-03
  -2.5556078205333701E-03  1.0793063424783129E-04  6.5565893779458810E-05
   3.9648249810698539E-05  7.2167457268742989E-06  6.6522379353403773E-06
  -0.1270305561706981      0.7865785682877945     -5.7803082409243617E-03
  -2.6194039035631273E-03 -1.7426522262408705E-04  7.0563282817914441E-05
   4.0056567578717889E-05  7.9712232772582685E-06  6.6672215764087398E-06
  -0.1303268666752366      0.7855741598708184     -5.7287986797763335E-03
  -2.6022632070453158E-03 -2.5763470038760530E-04  7.0343202623784993E-05
   3.9942244611053213E-05  7.9550410554221532E-06  6.6628567402686327E-06
  -0.1234488125400639      0.7868642847845635     -5.8655303703130214E-03
  -2.6570039562623937E-03 -3.0061584627389689E-04  7.5769789222584013E-05
   4.0304089599711350E-05  8.7922113143799362E-06  6.6766840232398646E-06
  -0.1234348597773991      0.7863782576811859     -5.8864781602089508E-03
  -2.6669703511134095E-03 -4.5676026048066499E-04  7.8516809839993939E-05
   4.0480836882412530E-05  9.2394774079883529E-06  6.6790752844586224E-06
  -0.1309829872959494      0.7841750966905583     -5.7691783817646327E-03
  -2.6276679269442412E-03 -1.1293237745664706E-03  7.8061938260849355E-05
   4.0236041298983024E-05  9.2175851252574554E-06  6.6700288052729520E-06
  -0.1397126377221054      0.7815393884741458     -5.6319459565312381E-03
  -2.5820320513818911E-03 -1.4767313892649226E-03  7.7456066880250522E-05
   4.0009046981663950E-05  9.1990418411175504E-06  6.6590582248063825E-06
  -0.1439973936182014      0.7798518706872757     -5.5895549173675388E-03
  -2.5696128910499935E-03 -1.1515385442024012E-03  8.0094202356029986E-05
   4.0122814036153229E-05  9.6813662436637424E-06  6.6573276019062044E-06
  -0.1542669235163883      0.7767452231582190     -5.4254019900587553E-03
  -2.5153363075681241E-03 -1.4678215955973143E-03  7.9230176003699244E-05
   3.9893013982830267E-05  9.6765028744618715E-06  6.6445608431436630E-06
  -0.1644056211305962      0.7735990971758824     -5.2612730379110002E-03
  -2.4615172698723869E-03 -3.4374337810418416E-03  7.8244654607977800E-05
   3.9724969593697819E-05  9.6818544855307885E-06  6.6314315209041625E-06
  -0.1695488182258324      0.7716908096682918     -5.2079672904166915E-03
  -2.4452731633571811E-03 -2.2308272771196344E-03  8.0916228922885770E-05
   3.9959396020194205E-05  1.0226192676920132E-05  6.6300030183354867E-06
  -0.1796637351531783      0.7686156535561288     -5.0416105996312554E-03
  -2.3910305055263466E-03 -2.6371927101082908E-03  7.9746298027892707E-05
   3.9785935604940594E-05  1.0248993077653105E-05  6.6176012743132956E-06
  -0.1942087444998071      0.7644650180574619     -4.7633614207442995E-03
  -2.2991796686025489E-03 -1.1969067491903092E-03  7.4418327900786281E-05
   3.9125138450219302E-05  9.7105838675015171E-06  6.5934277280253721E-06
  -0.2038171838011465      0.7614987963688871     -4.6015117810087412E-03
  -2.2463417690745694E-03 -1.3915541032423991E-03  7.2939407989652575E-05
   3.8956458069025539E-05  9.7453768840218199E-06  6.5811960031982114E-06
  -0.2132609335066807      0.7585747623569580     -4.4412959034116411E-03
  -2.1941829878235702E-03 -1.5957556394981512E-03  7.1343865496725718E-05
   3.8804780902226871E-05  9.7893172250279425E-06  6.5692006291785386E-06
